5 8 87.000000 11 5 0 0
1 0 0 0 0 s
1 0 0 0 0 s
1 0 1 0 0 1
0 1 0 1 0 F
1 0 1 0 0 1
1 0 0 0 0 s
1 0 1 0 0 1
1 0 1 0 0 1

1 0 0 0 0 s
1 0 0 0 0 s
1 0 1 0 0 1
1 0 1 0 0 1
1 0 1 0 0 1
1 0 0 0 0 s
1 0 1 0 0 1
0 1 0 1 0 F

1 0 0 0 0 s
1 0 1 0 0 1
1 0 1 0 0 1
1 0 1 0 0 1
1 0 0 0 0 s
1 0 0 0 0 s
1 0 1 0 0 1
1 0 1 0 0 1

1 0 1 0 0 1
1 0 3 0 0 3
0 1 0 1 0 F
1 0 2 0 0 2
1 0 0 0 0 s
1 0 0 0 0 s
1 0 0 0 0 s
1 0 0 0 0 s

1 0 1 0 0 1
0 1 0 1 0 F
0 1 0 1 0 F
1 0 2 0 0 2
1 0 0 0 0 s
1 0 0 0 0 s
1 0 0 0 0 s
1 0 0 0 0 s

1 0 1 0 0 1
0 0 2 0 0 X
1 0 2 0 0 2
1 0 1 0 0 1
1 0 0 0 0 s
1 0 0 0 0 s
1 0 0 0 0 s
1 0 0 0 0 s

